{
 "cells": [
  {
   "cell_type": "code",
   "execution_count": 42,
   "metadata": {},
   "outputs": [],
   "source": [
    "from Bio import SeqIO\n",
    "from Bio.SeqUtils import GC\n",
    "import matplotlib.pyplot as plt\n",
    "import matplotlib\n",
    "matplotlib.use(\"TkAgg\")\n",
    "from matplotlib.backends.backend_tkagg import FigureCanvasTkAgg, NavigationToolbar2Tk\n",
    "from matplotlib.figure import Figure\n",
    "import matplotlib.lines as mlines\n",
    "import pandas as pd\n",
    "import numpy as np\n",
    "import os \n",
    "from sklearn.preprocessing import StandardScaler\n",
    "from sklearn.preprocessing import MinMaxScaler, Normalizer"
   ]
  },
  {
   "cell_type": "code",
   "execution_count": 9,
   "metadata": {},
   "outputs": [],
   "source": [
    "arquivo1 = \"A._thaliana_CANTATADB.fasta\"\n",
    "arquivo2 = \"A._thaliana_GreeNC.fasta\"\n",
    "arquivo3 = \"A._thaliana_PLncDB .fa\"\n",
    "\n",
    "arquivo = [arquivo1, arquivo2, arquivo3]\n",
    "dinucleotides =['AA','AC','AG','AT',\n",
    "                'CA','CC','CG','CT',\n",
    "                'GA','GC','GG','GT',\n",
    "                'TA','TC','TG','TT']\n",
    "arq_f=[]\n",
    "for j in range(0, len(arquivo)):\n",
    "    arq_f.append(arquivo[j].rstrip('.fasta').replace('_', \" \")) ##colocando o nome dos database em vetor sem o .fasta"
   ]
  },
  {
   "cell_type": "code",
   "execution_count": 10,
   "metadata": {},
   "outputs": [
    {
     "data": {
      "text/plain": [
       "array([[  4768.,   3249.,   4107.,   4809.,   4178.,   1964.,   1841.,\n",
       "          3944.,   4646.,   2221.,   2085.,   3155.,   3338.,   4480.,\n",
       "          4089.,   4576.],\n",
       "       [159106., 107878., 142201., 182042., 134757.,  67596.,  64402.,\n",
       "        134967., 160680.,  76460.,  80005., 124388., 136104., 149880.,\n",
       "        155005., 171179.],\n",
       "       [ 46100.,  36422.,  54735.,  49919.,  40707.,  23507.,  22540.,\n",
       "         43598.,  57626.,  26529.,  47198.,  48691.,  42590.,  43830.,\n",
       "         55698.,  48112.]])"
      ]
     },
     "execution_count": 10,
     "metadata": {},
     "output_type": "execute_result"
    }
   ],
   "source": [
    "matriz=np.zeros(shape=(3,16))\n",
    "for j in range(0, len(arquivo)):  \n",
    "    con_dinuc=[] #quantidade total de dinucleotideo\n",
    "    total_arquivo= [0,0,0,0,0,0,0,0,0,0,0,0,0,0,0,0]\n",
    "\n",
    "    for rec in SeqIO.parse(arquivo[j],\"fasta\"):\n",
    "        seq_din = rec.seq    \n",
    "        all_counts = [] #quantidade de dinucleotideo de cada sequencia\n",
    "\n",
    "        for dinucleotide in dinucleotides:\n",
    "            count = seq_din.count(dinucleotide)\n",
    "            #print(\"count is \" + str(count) + \" for \" + dinucleotide)\n",
    "            all_counts.append(count)\n",
    "        #print(all_counts)\n",
    "        #print(con_dinuc)\n",
    "        con_dinuc = list(map(sum, zip( all_counts, total_arquivo)))\n",
    "        total_arquivo = con_dinuc\n",
    "        #print(total_arquivo)\n",
    "    matriz[j] = total_arquivo\n",
    "matriz"
   ]
  },
  {
   "cell_type": "code",
   "execution_count": 23,
   "metadata": {},
   "outputs": [
    {
     "data": {
      "text/html": [
       "<div>\n",
       "<style scoped>\n",
       "    .dataframe tbody tr th:only-of-type {\n",
       "        vertical-align: middle;\n",
       "    }\n",
       "\n",
       "    .dataframe tbody tr th {\n",
       "        vertical-align: top;\n",
       "    }\n",
       "\n",
       "    .dataframe thead th {\n",
       "        text-align: right;\n",
       "    }\n",
       "</style>\n",
       "<table border=\"1\" class=\"dataframe\">\n",
       "  <thead>\n",
       "    <tr style=\"text-align: right;\">\n",
       "      <th></th>\n",
       "      <th>A. thaliana CANTATADB</th>\n",
       "      <th>A. thaliana GreeNC</th>\n",
       "      <th>A. thaliana PLncDB</th>\n",
       "    </tr>\n",
       "  </thead>\n",
       "  <tbody>\n",
       "    <tr>\n",
       "      <th>AA</th>\n",
       "      <td>4768.0</td>\n",
       "      <td>159106.0</td>\n",
       "      <td>46100.0</td>\n",
       "    </tr>\n",
       "    <tr>\n",
       "      <th>AC</th>\n",
       "      <td>3249.0</td>\n",
       "      <td>107878.0</td>\n",
       "      <td>36422.0</td>\n",
       "    </tr>\n",
       "    <tr>\n",
       "      <th>AG</th>\n",
       "      <td>4107.0</td>\n",
       "      <td>142201.0</td>\n",
       "      <td>54735.0</td>\n",
       "    </tr>\n",
       "    <tr>\n",
       "      <th>AT</th>\n",
       "      <td>4809.0</td>\n",
       "      <td>182042.0</td>\n",
       "      <td>49919.0</td>\n",
       "    </tr>\n",
       "    <tr>\n",
       "      <th>CA</th>\n",
       "      <td>4178.0</td>\n",
       "      <td>134757.0</td>\n",
       "      <td>40707.0</td>\n",
       "    </tr>\n",
       "    <tr>\n",
       "      <th>CC</th>\n",
       "      <td>1964.0</td>\n",
       "      <td>67596.0</td>\n",
       "      <td>23507.0</td>\n",
       "    </tr>\n",
       "    <tr>\n",
       "      <th>CG</th>\n",
       "      <td>1841.0</td>\n",
       "      <td>64402.0</td>\n",
       "      <td>22540.0</td>\n",
       "    </tr>\n",
       "    <tr>\n",
       "      <th>CT</th>\n",
       "      <td>3944.0</td>\n",
       "      <td>134967.0</td>\n",
       "      <td>43598.0</td>\n",
       "    </tr>\n",
       "    <tr>\n",
       "      <th>GA</th>\n",
       "      <td>4646.0</td>\n",
       "      <td>160680.0</td>\n",
       "      <td>57626.0</td>\n",
       "    </tr>\n",
       "    <tr>\n",
       "      <th>GC</th>\n",
       "      <td>2221.0</td>\n",
       "      <td>76460.0</td>\n",
       "      <td>26529.0</td>\n",
       "    </tr>\n",
       "    <tr>\n",
       "      <th>GG</th>\n",
       "      <td>2085.0</td>\n",
       "      <td>80005.0</td>\n",
       "      <td>47198.0</td>\n",
       "    </tr>\n",
       "    <tr>\n",
       "      <th>GT</th>\n",
       "      <td>3155.0</td>\n",
       "      <td>124388.0</td>\n",
       "      <td>48691.0</td>\n",
       "    </tr>\n",
       "    <tr>\n",
       "      <th>TA</th>\n",
       "      <td>3338.0</td>\n",
       "      <td>136104.0</td>\n",
       "      <td>42590.0</td>\n",
       "    </tr>\n",
       "    <tr>\n",
       "      <th>TC</th>\n",
       "      <td>4480.0</td>\n",
       "      <td>149880.0</td>\n",
       "      <td>43830.0</td>\n",
       "    </tr>\n",
       "    <tr>\n",
       "      <th>TG</th>\n",
       "      <td>4089.0</td>\n",
       "      <td>155005.0</td>\n",
       "      <td>55698.0</td>\n",
       "    </tr>\n",
       "    <tr>\n",
       "      <th>TT</th>\n",
       "      <td>4576.0</td>\n",
       "      <td>171179.0</td>\n",
       "      <td>48112.0</td>\n",
       "    </tr>\n",
       "  </tbody>\n",
       "</table>\n",
       "</div>"
      ],
      "text/plain": [
       "    A. thaliana CANTATADB  A. thaliana GreeNC  A. thaliana PLncDB\n",
       "AA                 4768.0            159106.0             46100.0\n",
       "AC                 3249.0            107878.0             36422.0\n",
       "AG                 4107.0            142201.0             54735.0\n",
       "AT                 4809.0            182042.0             49919.0\n",
       "CA                 4178.0            134757.0             40707.0\n",
       "CC                 1964.0             67596.0             23507.0\n",
       "CG                 1841.0             64402.0             22540.0\n",
       "CT                 3944.0            134967.0             43598.0\n",
       "GA                 4646.0            160680.0             57626.0\n",
       "GC                 2221.0             76460.0             26529.0\n",
       "GG                 2085.0             80005.0             47198.0\n",
       "GT                 3155.0            124388.0             48691.0\n",
       "TA                 3338.0            136104.0             42590.0\n",
       "TC                 4480.0            149880.0             43830.0\n",
       "TG                 4089.0            155005.0             55698.0\n",
       "TT                 4576.0            171179.0             48112.0"
      ]
     },
     "execution_count": 23,
     "metadata": {},
     "output_type": "execute_result"
    }
   ],
   "source": [
    "cols = ['A. thaliana CANTATADB', 'A. thaliana GreeNC', 'A. thaliana PLncDB']\n",
    "dinuc = pd.DataFrame(matriz.T, index = dinucleotides, columns = cols)\n",
    "dinuc"
   ]
  },
  {
   "cell_type": "code",
   "execution_count": 24,
   "metadata": {},
   "outputs": [],
   "source": [
    "dinuc.plot(kind='bar')\n",
    "plt.show()"
   ]
  },
  {
   "cell_type": "code",
   "execution_count": 47,
   "metadata": {},
   "outputs": [
    {
     "data": {
      "text/html": [
       "<div>\n",
       "<style scoped>\n",
       "    .dataframe tbody tr th:only-of-type {\n",
       "        vertical-align: middle;\n",
       "    }\n",
       "\n",
       "    .dataframe tbody tr th {\n",
       "        vertical-align: top;\n",
       "    }\n",
       "\n",
       "    .dataframe thead th {\n",
       "        text-align: right;\n",
       "    }\n",
       "</style>\n",
       "<table border=\"1\" class=\"dataframe\">\n",
       "  <thead>\n",
       "    <tr style=\"text-align: right;\">\n",
       "      <th></th>\n",
       "      <th>A. thaliana CANTATADB</th>\n",
       "      <th>A. thaliana GreeNC</th>\n",
       "      <th>A. thaliana PLncDB</th>\n",
       "    </tr>\n",
       "  </thead>\n",
       "  <tbody>\n",
       "    <tr>\n",
       "      <th>AA</th>\n",
       "      <td>0.022708</td>\n",
       "      <td>0.757741</td>\n",
       "      <td>0.219551</td>\n",
       "    </tr>\n",
       "    <tr>\n",
       "      <th>AC</th>\n",
       "      <td>0.022020</td>\n",
       "      <td>0.731133</td>\n",
       "      <td>0.246847</td>\n",
       "    </tr>\n",
       "    <tr>\n",
       "      <th>AG</th>\n",
       "      <td>0.020428</td>\n",
       "      <td>0.707316</td>\n",
       "      <td>0.272255</td>\n",
       "    </tr>\n",
       "    <tr>\n",
       "      <th>AT</th>\n",
       "      <td>0.020311</td>\n",
       "      <td>0.768856</td>\n",
       "      <td>0.210833</td>\n",
       "    </tr>\n",
       "    <tr>\n",
       "      <th>CA</th>\n",
       "      <td>0.023257</td>\n",
       "      <td>0.750142</td>\n",
       "      <td>0.226601</td>\n",
       "    </tr>\n",
       "    <tr>\n",
       "      <th>CC</th>\n",
       "      <td>0.021103</td>\n",
       "      <td>0.726315</td>\n",
       "      <td>0.252581</td>\n",
       "    </tr>\n",
       "    <tr>\n",
       "      <th>CG</th>\n",
       "      <td>0.020736</td>\n",
       "      <td>0.725387</td>\n",
       "      <td>0.253877</td>\n",
       "    </tr>\n",
       "    <tr>\n",
       "      <th>CT</th>\n",
       "      <td>0.021610</td>\n",
       "      <td>0.739509</td>\n",
       "      <td>0.238881</td>\n",
       "    </tr>\n",
       "    <tr>\n",
       "      <th>GA</th>\n",
       "      <td>0.020839</td>\n",
       "      <td>0.720693</td>\n",
       "      <td>0.258468</td>\n",
       "    </tr>\n",
       "    <tr>\n",
       "      <th>GC</th>\n",
       "      <td>0.021110</td>\n",
       "      <td>0.726737</td>\n",
       "      <td>0.252153</td>\n",
       "    </tr>\n",
       "    <tr>\n",
       "      <th>GG</th>\n",
       "      <td>0.016127</td>\n",
       "      <td>0.618812</td>\n",
       "      <td>0.365061</td>\n",
       "    </tr>\n",
       "    <tr>\n",
       "      <th>GT</th>\n",
       "      <td>0.017902</td>\n",
       "      <td>0.705812</td>\n",
       "      <td>0.276286</td>\n",
       "    </tr>\n",
       "    <tr>\n",
       "      <th>TA</th>\n",
       "      <td>0.018337</td>\n",
       "      <td>0.747693</td>\n",
       "      <td>0.233970</td>\n",
       "    </tr>\n",
       "    <tr>\n",
       "      <th>TC</th>\n",
       "      <td>0.022605</td>\n",
       "      <td>0.756244</td>\n",
       "      <td>0.221151</td>\n",
       "    </tr>\n",
       "    <tr>\n",
       "      <th>TG</th>\n",
       "      <td>0.019037</td>\n",
       "      <td>0.721652</td>\n",
       "      <td>0.259311</td>\n",
       "    </tr>\n",
       "    <tr>\n",
       "      <th>TT</th>\n",
       "      <td>0.020441</td>\n",
       "      <td>0.764646</td>\n",
       "      <td>0.214913</td>\n",
       "    </tr>\n",
       "  </tbody>\n",
       "</table>\n",
       "</div>"
      ],
      "text/plain": [
       "    A. thaliana CANTATADB  A. thaliana GreeNC  A. thaliana PLncDB\n",
       "AA               0.022708            0.757741            0.219551\n",
       "AC               0.022020            0.731133            0.246847\n",
       "AG               0.020428            0.707316            0.272255\n",
       "AT               0.020311            0.768856            0.210833\n",
       "CA               0.023257            0.750142            0.226601\n",
       "CC               0.021103            0.726315            0.252581\n",
       "CG               0.020736            0.725387            0.253877\n",
       "CT               0.021610            0.739509            0.238881\n",
       "GA               0.020839            0.720693            0.258468\n",
       "GC               0.021110            0.726737            0.252153\n",
       "GG               0.016127            0.618812            0.365061\n",
       "GT               0.017902            0.705812            0.276286\n",
       "TA               0.018337            0.747693            0.233970\n",
       "TC               0.022605            0.756244            0.221151\n",
       "TG               0.019037            0.721652            0.259311\n",
       "TT               0.020441            0.764646            0.214913"
      ]
     },
     "execution_count": 47,
     "metadata": {},
     "output_type": "execute_result"
    }
   ],
   "source": [
    "scaler = Normalizer(norm='l1').fit(dinuc)\n",
    "scaler_dinuc = scaler.fit_transform(dinuc[cols])\n",
    "\n",
    "dinuc_scaler = pd.DataFrame(scaler_dinuc, index = dinucleotides, columns = cols)\n",
    "dinuc_scaler"
   ]
  },
  {
   "cell_type": "code",
   "execution_count": 39,
   "metadata": {},
   "outputs": [
    {
     "data": {
      "text/plain": [
       "<AxesSubplot:>"
      ]
     },
     "execution_count": 39,
     "metadata": {},
     "output_type": "execute_result"
    }
   ],
   "source": [
    "dinuc.plot(kind='bar')\n",
    "plt.show()"
   ]
  },
  {
   "cell_type": "code",
   "execution_count": null,
   "metadata": {},
   "outputs": [],
   "source": []
  }
 ],
 "metadata": {
  "kernelspec": {
   "display_name": "Python 3",
   "language": "python",
   "name": "python3"
  },
  "language_info": {
   "codemirror_mode": {
    "name": "ipython",
    "version": 3
   },
   "file_extension": ".py",
   "mimetype": "text/x-python",
   "name": "python",
   "nbconvert_exporter": "python",
   "pygments_lexer": "ipython3",
   "version": "3.8.5"
  }
 },
 "nbformat": 4,
 "nbformat_minor": 4
}
